market 0,market 1,market 2,market 3,market 4,market 5,market 6,market 7,market 8,market 9,market 10,market 11,market 12,market 13,market 14,market 15,market 16,market 17,market 18,market 19,market 20,market 21,market 22,market 23,market 24,market 25,market 26,market 27,market 28,market 29,market 30,market 31,market 32,market 33,market 34,market 35,market 36,market 37,market 38,market 39,market 40,market 41,market 42,market 43,market 44,market 45,market 46,market 47,market 48,market 49,market 50,market 51,market 52,market 53,market 54,market 55,market 56,market 57,market 58,market 59,market 60,market 61,market 62,market 63,market 64,market 65,market 66,market 67,market 68,market 69,market 70,market 71,market 72,market 73,market 74,market 75,market 76,market 77,market 78,market 79,market 80,market 81,market 82,market 83,market 84,market 85,market 86,market 87,market 88,market 89,market 90,market 91,market 92,market 93,market 94,market 95,market 96,market 97,market 98,market 99,market 100,market 101,market 102,market 103,market 104,market 105,market 106,market 107,market 108,market 109,market 110,market 111,market 112,market 113,market 114,market 115,market 116,market 117,market 118,market 119,market 120,market 121,market 122,market 123,market 124,market 125,market 126,market 127,market 128,market 129,market 130,market 131,market 132,market 133,market 134,market 135,market 136,market 137,market 138,market 139,market 140,market 141,market 142,market 143,market 144,market 145,market 146,market 147,market 148,market 149,market 150,market 151,market 152,market 153,market 154,market 155,market 156,market 157,market 158,market 159,market 160,market 161,market 162,market 163,market 164,market 165,market 166,market 167,market 168,market 169,market 170,market 171,market 172,market 173,market 174,market 175,market 176,market 177,market 178,market 179,market 180,market 181,market 182,market 183,market 184,market 185,market 186,market 187,market 188,market 189,market 190,market 191,market 192,market 193,market 194,market 195,market 196,market 197,market 198,market 199
market 0,0.0,5600.23,10164.19,9992.81,9143.7,5601.42,6472.13,10852.78,3344.27,10971.87,7005.69,10145.96,6085.72,5838.09,2940.77,3848.09,3962.03,9193.23,5872.9,14638.95,9168.2,3374.09,7385.71,7899.42,5939.79,5582.19,6094.47,8066.8,6014.11,4349.0,7964.38,10368.6,5688.58,8456.16,9522.2,12557.26,9265.02,5102.09,8939.99,3545.29,4774.33,11347.62,2987.76,12309.53,4451.76,2604.84,2166.48,4425.09,1625.92,8632.6,4263.3,7343.4,10038.41,9149.14,5958.08,5112.76,6482.11,4737.76,4483.53,8715.78,10609.67,8144.72,8593.64,10809.59,11596.11,6026.46,7120.94,2543.16,7022.34,5860.62,10487.07,1718.85,9535.11,6624.92,6466.51,6101.79,5015.61,14906.67,14069.53,10257.72,5795.4,12288.49,3566.33,8352.42,11297.47,11057.84,3423.49,12414.82,3539.8,4590.17,13807.62,6404.6,8045.0,7499.02,7949.67,8928.91,2736.67,15633.29,5710.09,1781.82,10017.37,9414.45,5214.83,3354.36,8954.53,2356.01,7008.97,7791.07,6833.18,5219.27,8413.14,5711.0,3099.29,9160.8,9474.0,6322.49,10535.82,12968.94,6846.78,7972.97,7839.21,9962.44,10135.04,6298.06,6884.99,5891.41,14515.93,12369.08,3170.85,12275.49,3127.08,6822.44,9104.38,11001.51,12098.54,13902.65,6807.96,6598.77,5733.37,10435.8,12495.72,5019.57,4421.08,12074.51,9838.72,10477.68,6623.01,7254.96,8859.88,5249.06,12720.36,8680.09,4906.3,7893.59,7051.24,7483.85,5044.06,7895.79,5057.34,10392.01,12925.51,7540.63,4527.0,7938.36,7960.5,9594.5,11165.23,10914.22,3707.36,3365.79,10283.82,3779.2,11017.6,5340.27,4999.83,11156.46,3051.37,6234.8,4600.9,7860.08,12086.97,4021.38,7893.66,5469.56,6096.7,10006.79,8000.2,8328.85,4274.57,8039.0,3381.66,6422.89,10563.46,8755.13,3739.22,6049.08,7715.19,6050.41,7419.28,872.52
market 1,5600.23,0.0,6747.82,4931.87,6026.02,6389.27,2233.07,7440.91,3504.72,7560.0,8176.84,5530.24,4852.79,491.11,2701.93,1777.34,1807.35,4399.28,2950.84,12343.74,5087.85,2356.5,2038.53,3819.07,4189.99,210.48,698.4,4862.23,3465.45,2994.13,6294.58,8952.09,1761.98,8064.01,7917.06,7940.09,4342.0,483.01,7270.19,2199.77,2191.9,9931.1,8574.8,9648.57,3368.58,6114.48,4380.99,4089.96,5295.13,4640.39,1425.92,2813.13,4685.07,4524.24,4070.41,2390.11,1290.01,2951.47,1715.79,7418.54,8769.8,4823.98,3981.89,7374.67,7366.44,3484.77,3746.2,4859.17,2796.95,7180.62,9205.91,6901.43,4923.35,7944.93,5167.08,5794.65,2433.18,11849.06,12399.72,6239.15,1984.03,12931.32,3821.83,6935.9,6173.25,6626.38,4155.31,9319.8,2482.46,5107.36,9775.05,6666.28,6433.35,4510.76,2602.48,7645.68,3959.78,13963.49,6296.08,4043.22,8347.57,6031.12,2767.11,6694.34,4062.01,5776.4,9652.25,3710.73,2073.43,645.27,7115.91,918.34,3638.21,4595.84,6090.66,1255.37,5910.92,8351.77,2676.5,7580.81,6169.41,6579.11,5686.06,2286.92,1669.55,5099.96,14628.38,9176.13,5483.48,7517.54,2920.11,3500.09,4277.57,5648.17,10428.74,9822.3,1888.12,4679.27,2141.1,7052.46,7329.66,3170.93,6277.81,7373.96,6455.38,9599.53,2665.52,5853.6,6483.69,2738.8,8640.02,6648.06,819.75,4485.1,5553.9,3691.57,5316.48,3528.15,1484.18,6311.67,11255.71,3091.65,1748.54,3925.02,2964.88,6211.16,6938.61,6531.88,1893.34,2586.05,5852.36,1821.51,9601.09,4135.45,4735.28,5809.28,4935.48,2936.46,4379.94,4655.51,6739.79,1704.04,2546.48,1820.92,3364.98,8590.28,2690.68,2981.66,2005.29,3371.01,3177.62,2624.45,8893.65,6758.16,1946.33,878.47,6410.75,4004.2,4654.59,6071.43
market 2,10164.19,6747.82,0.0,5141.79,12122.96,12765.97,8185.4,13330.88,9382.0,12989.72,14704.25,2514.35,11357.32,6570.37,7399.73,7044.55,6741.65,4179.37,9118.14,18440.69,10507.01,8355.56,5654.31,9375.64,10432.01,6674.08,6254.58,10990.81,4150.08,9373.88,12486.69,15144.2,7876.32,14576.48,14031.41,10271.66,4475.9,7139.04,13462.3,8055.92,5725.02,16123.22,12113.57,4115.61,9725.66,11453.1,9643.25,10364.26,9331.61,2667.78,6861.1,4065.62,7697.22,3532.02,10382.47,8693.53,6457.63,5649.51,8334.74,13628.25,3236.83,10912.89,8159.29,855.92,1431.97,4214.55,9837.23,10364.08,4118.86,13405.17,15398.02,11699.08,8550.1,14169.47,11671.61,12307.12,5489.17,5857.24,18591.84,686.52,8098.38,19435.85,9929.74,13128.01,5406.79,1081.0,6953.39,15416.75,6824.45,6037.24,14720.22,13193.7,3386.34,2804.51,5535.91,13837.79,9518.0,20155.6,12823.5,8732.46,14539.68,12128.06,5275.51,12340.75,7503.88,8988.69,15876.8,9267.3,4807.94,6408.62,13325.61,6121.96,7243.13,8627.44,12187.6,6721.02,2719.46,10941.17,4252.36,14093.28,12361.52,12676.05,9694.57,4501.36,6407.56,4699.39,20820.49,3588.4,11543.76,10084.91,7926.71,3845.62,4644.28,7932.24,16620.85,14275.7,4993.25,10871.38,8255.44,13149.41,3282.8,9673.58,12385.72,2872.74,12552.33,16104.06,8679.15,12220.17,12423.99,5223.32,13894.67,2345.78,6382.14,10486.59,11763.6,9263.57,11594.09,3418.78,7959.07,11566.32,17447.82,8376.56,6274.16,9481.59,4710.98,12308.11,11335.79,656.81,8043.04,6928.04,1659.74,8114.88,15793.2,10655.99,11045.59,6131.41,10995.76,9050.8,10690.25,10656.47,7276.21,8360.07,5837.03,8021.88,4275.09,14782.39,5063.82,5401.03,8661.33,3904.65,6782.53,4578.49,15085.77,12872.51,8015.52,6531.38,12715.96,10196.32,10768.94,9936.92
market 3,9992.81,4931.87,5141.79,0.0,9278.25,10621.28,5457.86,9555.79,8179.35,9214.64,12408.84,2755.41,9061.91,4754.42,7052.32,6432.86,6107.35,1027.26,6822.73,15595.98,6815.08,7175.76,2921.76,6396.94,8136.6,4858.13,4438.63,8146.1,4873.92,7646.96,9952.69,12610.2,5580.91,12281.07,11453.43,5884.9,834.14,5323.09,10928.29,7039.84,5625.34,13589.21,12936.67,9183.29,7871.13,10816.0,9152.07,8520.36,9678.2,3714.02,6081.43,2651.36,3013.47,1731.15,8087.06,6398.12,3963.8,5993.31,6039.33,11145.02,8304.52,8068.18,4300.61,5768.64,5760.41,4938.4,6992.52,9560.69,3207.46,11466.19,12864.01,11602.95,4399.11,12230.49,9376.19,10011.71,5490.69,9964.59,16057.83,4633.12,5802.97,17140.44,8496.46,10594.01,1469.24,4513.15,7491.94,12572.04,6734.85,7192.67,10500.5,10898.29,7318.11,4498.57,2515.44,11303.79,8681.65,17621.6,10528.09,8470.49,12005.68,8809.7,5346.94,11334.97,3516.5,9789.03,13937.82,6390.07,3394.71,5112.81,10798.87,4579.72,7589.72,4613.4,8700.72,4215.6,3027.73,6554.41,3674.68,11797.87,9827.52,9831.34,5474.85,3736.76,3666.86,6728.19,18286.49,8656.08,10029.26,5292.16,7461.81,3927.53,996.93,2869.56,14086.85,10055.98,3580.01,8616.98,5960.03,10304.7,2869.3,7378.16,10802.96,2834.06,9707.62,13808.65,5834.44,9852.71,9579.28,5294.75,9463.14,6958.33,5387.42,7641.88,9228.31,6418.86,9746.88,2495.78,5663.66,7791.24,14913.82,5390.95,5893.44,6636.88,2321.14,8610.42,7116.06,4925.85,6712.14,6838.44,3919.98,6640.3,13259.2,8360.58,9107.87,1328.48,9610.1,6676.96,8810.34,7958.98,2715.88,6522.69,2666.13,5726.47,4871.49,12248.39,2444.32,2044.93,6633.68,2086.92,7129.12,3897.92,12551.76,10115.02,6765.6,4440.22,10348.5,7900.9,8190.95,10372.05
market 4,9143.7,6026.02,12122.96,9278.25,0.0,5670.38,4187.62,2774.03,6042.32,2893.12,6811.08,10443.82,3617.87,5907.16,7670.81,7053.73,7372.71,9004.06,3647.4,7491.01,3783.01,6059.83,6551.97,3796.6,3551.55,5881.44,5897.45,1977.89,9317.25,4880.51,2017.82,4205.58,4318.35,5960.93,2388.03,9165.96,8688.39,6001.78,2370.54,6424.16,8182.43,5184.6,11563.48,15078.41,4912.3,7356.84,7187.92,4953.48,9391.21,10070.23,7087.14,8155.74,7666.38,9412.69,3707.68,4461.63,5853.8,8954.59,5189.08,3122.81,14199.64,1899.97,5931.86,12749.81,12741.58,9336.57,2322.21,7005.1,8226.79,6515.29,4456.88,8876.1,6523.74,7279.6,3489.1,4618.98,8423.71,17415.91,7484.31,11614.29,4083.86,10218.53,5963.4,2189.4,10519.64,12001.52,9823.36,4467.07,7771.18,11017.81,5608.71,5281.92,12285.15,9940.59,6948.87,3368.92,6637.64,9048.07,5575.99,7928.17,3413.05,2156.94,8757.64,7571.26,6620.72,11068.43,8858.05,3688.26,7503.27,6613.03,2820.17,6576.46,9025.72,5811.0,2242.98,5491.74,10799.37,8467.3,8106.34,5383.44,2575.32,1726.38,6289.56,7716.76,5928.53,11090.48,9684.77,14605.97,6265.55,9868.85,7128.84,9058.46,8623.96,8628.55,5485.13,6694.22,7317.96,2783.9,3930.24,2199.73,11676.05,4156.35,6562.15,11720.35,2193.3,6937.13,3609.05,2973.77,495.89,8729.33,5254.17,12498.84,6810.27,1967.6,2574.8,3219.23,5040.27,8868.85,4887.05,3146.06,6312.1,4498.77,7608.4,3168.8,7461.6,2217.02,5495.55,11907.02,6123.47,7671.72,11227.5,6103.15,4854.58,3879.11,4692.25,10068.74,6193.73,3286.83,4666.2,2152.68,9874.96,5890.27,6794.97,4356.11,9216.79,3843.77,7187.41,7328.05,5254.08,8304.03,8815.44,8059.25,3950.04,1031.63,6155.33,5612.0,3214.89,3116.5,1759.09,9708.63
market 5,5601.42,6389.27,12765.97,10621.28,5670.38,0.0,5965.73,8067.44,3572.77,8270.62,2515.13,11699.11,2254.85,6627.14,5431.06,5723.31,6151.5,10347.09,4604.48,10836.05,7543.35,4454.61,7790.13,6877.19,3085.96,6371.23,6781.4,5431.38,8770.7,3473.59,4108.06,6295.96,5251.81,3640.63,5893.8,12270.05,10031.41,5991.61,4987.66,4780.45,7355.7,7274.98,7734.44,15260.5,3141.85,3523.13,3802.68,2401.71,6430.18,10789.11,6154.72,8982.0,9828.5,10693.11,3020.03,4474.2,6721.88,7570.03,4856.82,4643.14,14137.68,5509.29,8338.91,13411.38,13535.31,8790.03,5475.8,3619.86,9000.78,924.17,6414.43,5101.28,9280.37,1688.48,2500.2,1432.54,7596.98,17801.58,9826.32,12408.01,5185.33,8150.07,3054.66,4279.78,11862.66,12795.25,7317.03,8786.43,6199.84,8709.23,10902.13,1479.13,11573.01,10062.79,8291.89,4856.27,3541.77,11821.17,784.63,5061.94,6214.37,7271.74,7930.91,3538.2,8749.89,7730.46,3691.39,6768.84,8395.99,6637.94,4340.51,7021.65,6522.17,8645.4,7331.28,6474.65,12079.79,12249.81,8825.22,3213.25,3690.78,7057.81,9335.32,8276.5,7075.63,9458.79,10377.51,14987.79,2611.18,12070.85,4903.8,8963.39,9966.98,10790.67,7884.84,11916.73,8210.68,3337.97,5065.41,6799.98,13019.07,3281.76,1977.77,13063.37,7696.0,5379.38,5767.47,3094.46,5191.76,7902.6,10716.07,11988.33,6587.33,5811.64,3204.67,6132.95,1322.17,9697.02,5150.55,8368.57,8711.81,6872.67,6716.47,6530.89,8778.87,7451.79,9908.6,12700.74,4790.97,5903.01,12021.23,4862.8,6944.96,2407.26,1825.23,11498.69,2808.5,4826.08,2174.72,4940.6,12037.07,4837.77,8235.89,5032.79,8670.24,5934.15,8504.67,8671.07,4435.1,9539.87,6687.9,8378.37,6349.76,5126.73,4822.83,6495.96,3060.63,3797.45,4210.12,6246.96
market 6,6472.13,2233.07,8185.4,5457.86,4187.62,5965.73,0.0,5602.51,3816.75,5781.83,7753.3,6623.42,4236.14,2099.63,4104.29,3436.85,3749.24,5183.67,1771.86,10505.34,3134.61,3166.02,2731.57,1865.83,3093.33,2088.49,2065.67,3055.47,5509.72,3163.86,4862.05,7519.56,783.55,7625.52,6362.79,6761.54,4867.99,2269.82,5837.66,3169.35,4389.48,8498.58,9446.7,11239.84,3215.58,6287.08,4914.31,3864.81,6608.56,6231.66,3367.8,4250.71,4237.41,5592.29,3043.79,1643.26,1892.42,5149.04,2005.64,6054.38,10361.07,2977.55,2797.92,8812.25,8804.02,5529.04,1901.88,5198.09,4388.22,6810.65,7773.38,7240.35,3739.38,7574.95,4524.73,5356.16,4630.76,13478.34,10967.2,7676.73,882.25,12262.07,4133.86,5503.38,6699.24,8063.96,6127.42,7481.4,4110.91,7321.87,7821.81,6242.74,8477.63,6102.03,3128.47,6213.15,4319.05,12530.96,5872.54,5271.3,6915.04,4192.72,4964.69,6679.42,3158.81,7718.29,9282.27,1757.49,3664.7,2820.07,5708.23,2744.68,5580.1,3181.2,4252.26,1611.29,6978.97,6917.38,4267.77,7142.33,4736.88,4740.71,4002.89,3878.19,2019.51,7253.61,13195.85,10767.4,5373.71,6479.77,4180.14,5219.9,4803.56,5199.58,8996.21,7869.07,3479.4,3447.9,1026.15,5214.06,7855.65,2722.62,6147.42,7899.95,4616.98,8982.88,702.07,4762.07,4488.64,4936.38,6686.78,8660.27,3017.32,2551.25,4137.67,1738.33,5091.33,4965.73,1542.04,4358.43,9823.18,1408.47,3876.44,1971.78,3641.21,4372.76,5131.64,7969.46,2820.13,4296.39,7289.94,2748.3,8168.56,3705.03,4452.32,6335.27,4980.87,1507.87,4154.79,2868.34,6445.98,2579.34,2957.88,1068.38,5409.26,7157.75,3367.01,3507.65,2510.91,4483.63,5119.5,4220.68,7461.13,5024.39,2873.6,1780.22,5257.86,2842.87,3100.32,7064.75
market 7,10852.78,7440.91,13330.88,9555.79,2774.03,8067.44,5602.51,0.0,8093.72,410.98,9155.64,11674.71,6014.93,7322.05,8894.51,8468.61,8787.59,9734.11,4979.88,6211.07,3008.95,7748.17,7737.29,4338.23,6255.23,7296.33,7312.34,3541.23,10732.13,7157.15,4414.88,6175.3,5733.24,8358.0,3799.61,7610.35,9418.43,7416.67,4143.78,8084.07,9597.32,7335.84,13827.36,16493.3,7188.93,10060.51,9191.29,7462.12,11127.98,11485.12,8502.03,9363.66,6967.16,10415.58,6411.35,5862.99,7268.68,10369.48,6612.71,5467.37,15614.52,3463.31,5345.23,13957.72,13949.5,10751.46,3765.64,9486.2,9641.68,8912.36,6787.36,11579.77,5589.54,9676.66,5886.17,7016.04,9838.59,18623.82,9028.43,12822.2,5498.75,12272.09,8240.04,4533.96,10034.81,13209.43,11238.25,3367.9,9186.07,12432.7,3118.88,7626.48,13700.04,11355.48,8015.97,5765.98,8596.03,9221.35,7973.05,9664.95,5058.68,2723.26,10172.53,10274.93,6119.39,12604.03,11202.61,4429.06,8918.16,8027.91,5164.73,7991.35,10440.61,5264.7,2600.29,6906.62,12030.26,6793.52,9521.22,7780.5,4972.38,1177.95,4974.6,9131.65,7188.18,12505.37,11458.0,16020.86,8969.22,9169.62,8863.82,10473.35,9354.0,7929.33,7258.36,4120.9,8732.85,5487.57,5345.12,1752.97,12207.17,6437.94,8886.66,12171.93,3036.73,9334.19,5023.94,5318.33,3184.38,10144.21,2599.16,13913.73,8225.16,3357.61,4971.86,4609.24,7437.33,10076.76,6301.93,1777.11,8287.65,5263.38,9023.29,4435.11,8638.51,2428.82,4011.62,13114.93,7602.65,9086.61,12435.41,7530.82,6454.14,6582.79,7027.38,9643.79,8897.4,4730.25,7369.88,3974.72,9175.73,7186.41,7707.38,5770.99,10631.67,5995.02,8364.32,8178.56,6752.55,9534.92,10230.33,9474.13,5723.27,3108.68,7656.12,7026.89,5611.95,5514.3,4462.77,11445.41
market 8,3344.27,3504.72,9382.0,8179.35,6042.32,3572.77,3816.75,8093.72,0.0,8212.82,5644.05,8853.17,3238.36,3742.58,2010.48,2424.96,2700.06,7785.69,3113.85,11746.5,6409.14,1194.94,5348.2,5140.36,2792.66,3486.68,3998.96,5230.57,5259.85,1255.73,5071.92,7476.15,3102.82,5921.81,6629.74,10178.96,7589.48,3035.43,6047.53,1520.78,3894.27,8455.16,6067.8,11876.54,1235.15,2652.8,1296.19,1350.68,3694.38,7389.59,2856.36,6083.71,7689.7,7847.17,3065.62,2353.71,4279.95,4149.44,2171.82,5823.32,10690.21,5308.49,6247.81,10027.41,10677.34,5272.2,4361.88,1394.76,5757.14,4083.5,7594.61,3502.51,7189.27,4847.8,3619.15,3567.44,4135.55,14417.62,11177.07,9550.05,3036.34,11027.12,653.9,5459.96,9420.73,9937.28,4364.45,9522.37,2616.82,5756.65,11048.56,4133.5,7986.96,6678.82,5849.96,6036.45,621.25,12740.83,3753.12,2231.34,7124.91,6655.4,4408.16,3213.97,6611.1,5420.4,6555.13,5032.02,5369.76,3478.55,5520.69,3871.38,3569.58,6554.3,6714.94,4032.72,9233.85,10290.48,5581.58,5438.61,4946.75,7203.39,7375.99,5032.86,4633.69,6167.12,13011.28,11603.83,2215.64,9932.06,1483.22,5579.43,7525.05,8651.87,9206.08,11143.6,5184.45,3653.07,2974.32,7535.92,10577.14,1931.26,3049.66,10621.44,7079.66,7943.33,3863.95,4335.73,5808.41,4379.85,9961.31,8410.07,3343.68,5134.54,4158.78,4724.8,2456.3,6630.59,2713.91,7632.96,10033.05,4781.57,3265.04,5179.3,6336.94,6835.44,8406.17,9842.78,1640.7,2482.42,9163.26,1712.54,8125.14,2405.04,2152.47,9056.76,1667.64,3475.75,1680.91,4987.08,9967.5,1799.07,5793.96,2883.8,5286.28,7114.34,6062.74,6229.14,1618.89,6693.94,3521.81,5134.72,7671.0,5862.67,1672.56,3898.62,4867.83,2978.0,4317.9,3936.9
market 9,10971.87,7560.0,12989.72,9214.64,2893.12,8270.62,5781.83,410.98,8212.82,0.0,9358.82,11333.56,6218.11,7441.14,9013.6,8587.71,8906.69,9392.96,5098.97,6559.93,2667.79,7867.26,7396.13,3997.07,6374.32,7415.42,7431.43,3660.33,10701.42,7276.24,4618.06,6378.48,5852.33,8561.17,4049.31,7269.2,9077.28,7535.76,4346.96,8203.17,9716.41,7539.02,13946.45,16376.26,7308.03,10179.6,9310.38,7581.21,11247.08,11232.92,8621.12,9022.5,6626.01,10074.42,6530.45,5982.08,6917.93,10488.57,6731.8,5670.55,15497.48,3582.41,5004.08,13616.57,13608.34,10720.74,3884.73,9605.29,9524.63,9115.53,6990.54,11698.87,5248.39,9879.84,6089.34,7219.22,9957.69,18282.66,9427.45,12481.05,5617.84,12475.27,8359.13,4737.14,9693.65,12868.28,11357.34,3716.77,9305.16,12551.79,3071.69,7829.66,13669.33,11238.44,7674.82,5969.16,8715.12,9570.21,8176.23,9784.04,5356.2,2382.1,10291.62,10394.03,5778.24,12723.12,11405.79,4087.9,8801.49,8147.01,5367.91,8158.84,10559.7,4923.55,2259.14,6982.87,11689.11,6452.37,9404.18,7983.68,5175.56,1416.25,4633.44,9014.61,6847.02,12445.31,11661.18,15903.81,9088.32,8828.47,8982.92,10356.31,9012.85,7588.18,7461.53,4073.71,8615.81,5606.67,5464.22,2101.83,11866.01,6557.04,9089.83,11830.77,3155.82,9537.37,5143.03,5521.51,3303.47,10263.31,2551.97,13796.68,8344.25,3476.71,5175.04,4494.97,7640.51,9735.61,6421.03,1435.95,8288.51,4922.22,9142.38,4093.96,8297.36,2087.67,3670.47,12773.78,7721.75,9205.7,12094.26,7649.91,6657.32,6701.88,7230.56,9302.64,9016.5,4849.35,7488.97,4093.81,8834.58,7305.51,7366.23,5890.09,10600.96,6198.19,8023.16,7837.41,6871.64,9193.77,10349.42,9357.09,5926.45,3311.86,7775.21,7145.98,5815.13,5633.39,4581.86,11564.5
market 10,7005.69,8176.84,14704.25,12408.84,6811.08,2515.13,7753.3,9155.64,5644.05,9358.82,0.0,13486.68,3962.41,8414.7,7650.95,7623.61,8098.81,12134.65,6392.04,11625.12,9122.11,6332.79,9577.69,8664.75,4873.52,8158.8,8568.97,6788.25,10671.0,5262.0,4897.13,7085.04,7039.37,1785.2,6649.6,14057.62,11818.98,7779.17,5776.73,6677.78,9255.99,8064.05,7620.11,17160.8,4930.26,5121.21,5898.0,4349.02,8525.49,12589.49,8048.75,10769.56,11616.06,12480.67,4807.6,6261.76,8509.45,9708.53,6644.38,5432.21,16255.79,6866.17,10126.47,15331.1,15322.88,10690.33,6978.04,5715.18,10801.16,1554.02,7203.5,5570.07,11067.94,967.07,3836.38,2885.27,9497.27,19701.88,10615.39,14195.58,6972.89,5573.02,5245.14,5068.85,13650.23,14582.81,9412.34,9660.26,8147.16,10804.54,11990.33,1623.5,13638.91,11963.08,10079.46,5645.34,5643.46,12610.24,2289.28,7157.25,7003.44,8444.39,9831.2,4287.1,10537.46,8942.49,2120.58,8556.41,10183.56,8429.64,5129.58,8813.35,8617.48,10432.96,8503.93,8262.21,13867.35,14037.38,10625.6,2045.71,4449.82,8146.01,11122.89,10076.88,8863.19,11554.1,7800.46,16888.09,4461.33,13858.42,7108.98,10863.69,11754.54,12578.23,8673.91,13089.37,9998.25,5125.0,6852.98,7888.18,14806.64,5069.33,3127.3,14850.94,8761.3,3102.3,7555.04,4027.81,6332.46,9802.89,11635.78,13853.62,8387.71,7259.57,4584.96,7920.52,3289.14,11484.59,6938.12,9541.22,9500.89,8660.24,8663.78,8188.75,10566.43,8624.43,11487.36,14488.31,6582.67,8047.7,13808.79,6654.5,7734.03,4194.82,3613.63,13286.25,4808.19,6613.65,4122.03,6297.47,13824.63,6626.17,10023.45,6820.35,10570.54,6723.23,10292.24,10458.64,6222.66,11327.44,8783.21,10178.75,7138.83,6214.93,6614.53,8283.52,3779.84,5585.01,5788.88,8097.12
market 11,10145.96,5530.24,2514.35,2755.41,10443.82,11699.11,6623.42,11674.71,8853.17,11333.56,13486.68,0.0,10139.74,5352.79,7205.47,6445.73,6213.94,2013.33,7900.56,16761.54,8850.85,7676.11,4033.24,7696.5,9214.43,5456.5,5037.0,9311.67,4286.91,8432.58,11118.25,13775.76,6658.75,13358.9,12618.99,7885.27,2309.86,5921.46,12093.86,7414.61,5474.65,14754.78,12305.34,6555.85,8807.04,11434.09,9499.21,9528.41,9353.62,1703.73,6072.25,2915.39,5382.26,1365.98,9164.89,7475.95,5001.02,5671.52,7117.16,12310.58,5677.08,9233.75,6463.96,3141.2,3132.97,4351.38,8158.08,10178.77,3244.95,12544.02,14029.58,11680.85,6767.9,13308.33,10454.03,11089.54,5238.81,7807.29,17223.4,2005.67,6880.8,18218.27,9260.28,11759.58,3020.41,1989.02,6904.92,13737.6,6685.68,6632.64,12869.29,11976.12,5826.58,3155.45,3795.71,12469.35,9279.38,18787.16,11605.92,8623.63,13171.24,10448.92,5025.14,12132.79,5808.56,9122.99,15015.65,7588.15,3657.71,5594.91,11964.43,5061.82,7265.13,6932.11,10508.46,5252.83,503.6,8554.79,3668.44,12875.71,10993.08,10996.91,7843.64,3860.05,4731.0,5599.53,19452.05,6028.64,10921.93,7698.52,7614.96,3406.8,2370.74,5545.85,15252.41,12424.77,3843.02,9653.8,7037.87,11470.26,3595.2,8456.0,11716.26,3173.98,10873.18,14886.48,7000.0,11002.59,10744.84,4972.96,11831.93,4786.03,5740.83,8807.45,10546.02,7584.42,10754.93,2268.55,6741.5,9910.15,16079.38,6697.42,5746.45,7802.44,3036.34,10628.96,9484.85,2298.4,7234.08,6789.27,1395.84,7204.81,14424.76,9438.41,10173.73,3745.02,10373.93,7833.23,9818.39,9124.54,4889.83,7142.49,4109.22,6804.3,4284.47,13413.95,3389.18,3670.32,7443.75,2162.46,6804.54,3937.18,13717.33,11280.59,7265.94,5313.8,11498.38,8978.74,9356.51,9964.3
market 12,6085.72,4852.79,11357.32,9061.91,3617.87,2254.85,4236.14,6014.93,3238.36,6218.11,3962.41,10139.74,0.0,5090.66,5105.72,4960.9,5368.79,8787.72,2555.08,8958.04,5546.98,3532.7,6230.76,4774.64,1219.36,4834.75,5222.04,3378.86,7844.57,2240.22,2283.47,4465.29,3692.44,3572.99,3841.29,10439.39,8472.04,4455.13,3259.08,3897.03,6429.56,5444.31,8517.7,14334.37,2156.78,4193.54,4129.94,1943.33,6757.44,9403.58,5098.57,7422.63,8064.57,9133.74,1153.44,2774.05,5162.52,7040.28,3299.68,2812.47,13429.36,3456.78,6508.24,11984.17,11975.94,7863.9,3296.33,3947.12,7560.15,3099.77,4583.75,5771.69,7449.7,3864.07,540.97,1300.42,6670.84,16875.45,8388.62,10848.65,3524.65,8305.22,2956.21,2449.1,10303.3,11235.88,7480.63,6733.92,5601.93,8872.83,8849.62,2433.25,10812.48,9079.38,6732.53,3025.59,3603.87,9952.38,2160.46,5362.45,4336.46,5219.23,7004.77,4353.05,6985.97,8226.93,5571.4,4666.29,6836.62,5212.58,2509.83,5642.31,6685.77,6800.08,5278.77,4915.28,10520.42,10147.26,7439.69,3089.8,2150.56,5005.3,7232.77,7050.12,5516.26,9234.34,10000.42,13939.32,3150.42,10306.93,4563.75,7967.16,8407.61,9026.74,6054.17,9864.21,6651.32,1145.05,3282.58,4747.47,11459.71,1738.41,3074.07,11504.0,5643.49,4973.43,3854.97,1327.32,3139.25,6976.46,8663.56,11027.19,5363.85,3815.27,1152.16,4030.41,1624.74,8137.65,3593.41,6316.06,6881.14,5042.0,5858.69,4428.34,7219.5,5399.27,7880.44,11141.38,3592.31,5502.47,10461.86,3664.14,5114.29,902.19,1184.42,9939.32,3135.75,2762.9,1630.23,2888.09,10273.14,3438.67,6676.52,3473.42,7744.11,4103.48,6945.31,7111.71,2877.96,7980.51,6634.19,7226.4,4519.09,3074.22,3624.17,4936.59,1787.55,1641.78,2219.2,6743.44
market 13,5838.09,491.11,6570.37,4754.42,5907.16,6627.14,2099.63,7322.05,3742.58,7441.14,8414.7,5352.79,5090.66,0.0,2939.79,2040.74,2196.05,4221.83,2971.53,12224.88,4982.98,2594.37,1861.08,3714.2,4252.25,338.52,349.58,4829.98,3628.3,3232.0,6340.08,8997.6,1729.72,8301.88,7884.81,7569.45,4164.55,720.88,7315.69,2437.63,2573.4,9976.61,8812.67,9619.07,3606.45,6352.35,4618.85,4327.83,5533.0,4610.88,1814.62,2635.68,4469.8,4346.79,4202.71,2513.77,919.37,3398.69,1904.8,7481.64,8740.29,4705.12,3611.25,7197.22,7188.99,3647.62,3627.34,5097.03,2767.45,7418.49,9251.41,7139.3,4552.71,8182.79,5404.94,6032.52,2768.4,11863.31,12445.23,6061.7,1951.77,13169.19,4059.69,6981.41,5995.8,6448.93,4574.23,9200.94,2871.16,5349.1,9670.17,6904.15,6596.21,4481.25,2425.03,7691.19,4197.64,14008.99,6533.95,4281.08,8393.07,5912.26,3101.42,6932.21,3710.29,6165.1,9890.12,3605.85,2043.93,970.46,7179.0,987.71,4026.91,4225.2,5971.8,884.73,5733.47,7981.13,2647.0,7818.68,6214.92,6460.25,5336.44,2257.42,1316.39,5372.19,14673.89,9146.63,5721.35,7203.29,3157.97,3594.16,4100.12,5432.9,10474.24,9717.43,1858.62,4724.78,2108.84,6933.6,7152.21,3408.8,6515.67,7196.51,6336.52,9837.39,2561.79,6073.56,6451.43,3073.11,8535.14,6810.92,1236.55,4366.24,5616.99,3586.69,5554.34,3350.7,1644.61,6206.79,11301.22,2986.77,2204.16,3820.14,2787.43,6092.3,6733.38,6354.43,2131.21,2890.51,5674.91,2059.37,9646.59,4373.31,4973.14,5631.83,5173.34,2904.2,4617.8,4623.25,6562.34,1941.9,2369.03,1842.12,3527.84,8635.79,2513.23,2804.21,2243.16,3193.56,3566.32,2594.94,8939.16,6725.9,2184.2,507.83,6569.35,4049.71,4622.33,6309.3
market 14,2940.77,2701.93,7399.73,7052.32,7670.81,5431.06,4104.29,8894.51,2010.48,9013.6,7650.95,7205.47,5105.72,2939.79,0.0,907.6,1021.54,6252.74,4203.14,13570.17,7003.93,1683.57,4445.22,5735.15,4511.54,2683.89,3196.17,6171.19,3249.66,2903.82,6895.6,9294.59,3381.78,7928.7,8453.42,10083.4,6324.53,2223.16,7871.21,1328.24,1884.07,10273.61,5934.42,9877.34,3045.65,4103.87,2294.02,3301.92,2593.48,5711.07,1322.81,4402.9,7119.24,6208.65,4650.15,3486.12,3716.06,2139.25,2601.83,7641.77,8680.01,6277.58,6119.77,8045.14,8876.37,3262.0,5199.8,3014.84,4081.85,5941.79,9413.05,4475.66,7061.24,6706.09,5498.24,5578.63,2125.35,12418.41,13000.75,7493.27,3497.88,13034.01,2664.22,7278.4,8356.99,8136.3,2490.69,10773.41,649.53,3882.89,11691.12,6140.39,5976.77,4734.57,5009.18,7854.89,2118.54,14564.51,5539.73,1418.44,8948.59,7484.72,2397.96,4991.52,6480.66,3852.18,8413.42,5626.8,3892.69,2278.78,7339.13,2770.51,1695.82,6686.93,7544.26,3575.81,7595.33,10495.08,3906.29,7445.5,6770.43,8032.71,7644.09,3357.57,4118.94,4156.92,14829.72,9604.63,4073.93,9801.63,527.26,3900.91,6163.89,8082.34,11029.76,11738.38,3867.47,5280.29,3549.39,8506.07,9555.24,3574.39,4907.94,9134.02,7908.99,9761.82,4465.05,6154.17,7436.9,2369.65,10556.09,6399.87,1965.81,5938.71,5977.22,5375.97,4466.63,4955.3,2670.72,8227.74,11856.73,5049.67,1586.52,5841.09,5020.01,7664.77,8896.63,8041.8,1768.15,472.22,7362.28,1839.98,9943.59,4223.49,4159.37,8215.97,3525.93,4268.79,3687.8,5964.46,9146.48,2118.66,4953.17,3162.76,3320.13,8932.78,5059.71,5388.36,2664.31,5098.51,1616.5,3482.4,9494.68,7540.76,1714.68,3283.03,6744.47,4605.23,5946.39,3369.78
market 15,3848.09,1777.34,7044.55,6432.86,7053.73,5723.31,3436.85,8468.61,2424.96,8587.71,7623.61,6445.73,4960.9,2040.74,907.6,0.0,533.73,5493.01,3777.25,13429.94,6339.06,1504.36,3539.52,5070.28,4415.77,1784.83,2297.12,5745.29,3049.28,2721.04,6755.37,9412.88,2784.86,7931.27,8313.18,9363.64,5564.8,1324.1,7730.97,1149.03,1634.27,10391.89,6841.74,9539.08,2944.77,4972.48,3121.44,3321.6,3500.8,5052.13,433.3,3643.17,6213.53,5448.91,4509.91,3060.22,2866.91,2205.22,2216.87,7496.95,8634.07,5851.68,5401.42,7689.95,8214.58,3068.61,4773.9,3717.17,3322.12,6362.51,9268.24,5382.98,6342.88,7126.82,5353.42,5520.88,1875.55,12080.16,12860.51,7138.08,3071.98,13035.87,2972.7,7396.69,7674.24,7474.51,2986.0,10347.51,813.13,4180.44,11026.25,6113.05,6017.19,4341.37,4103.47,7710.08,2754.59,14424.27,5742.86,2289.12,8808.35,7058.82,2209.49,5705.06,5593.34,4576.87,8834.14,4961.93,3132.95,1373.08,7194.31,1864.81,2438.67,5968.57,7118.37,2813.32,6835.59,9775.32,3146.55,7448.08,6630.2,7606.81,6947.47,2597.83,3263.93,4399.28,14684.9,9266.37,4634.35,9046.0,1238.78,3241.97,5404.15,7176.63,10889.52,11073.51,3219.15,5140.06,3123.49,8080.17,8795.5,3434.15,5428.68,8374.28,7483.09,9704.07,3846.1,6009.35,7296.67,2181.17,9891.22,6231.9,1060.1,5512.81,5832.4,4950.07,4551.43,4195.57,2244.82,7562.87,11716.5,4353.06,1075.56,5176.22,4260.27,7238.87,8200.02,7380.01,1429.63,851.67,6700.49,1501.46,10061.87,4078.67,4103.12,7310.27,4086.34,3842.9,3707.48,5538.56,8240.78,1760.59,4047.47,2736.86,2948.82,9051.07,4154.01,4482.65,2341.48,4338.77,1978.08,2733.31,9354.44,7400.52,1376.16,2455.37,6599.65,4464.99,5531.47,4277.1
market 16,3962.03,1807.35,6741.65,6107.35,7372.71,6151.5,3749.24,8787.59,2700.06,8906.69,8098.81,6213.94,5368.79,2196.05,1021.54,533.73,0.0,5307.77,4096.23,13749.48,6651.45,2036.19,3569.53,5382.67,4735.31,1940.15,2452.43,6064.27,2712.78,3128.93,7074.91,9732.42,3045.43,8376.56,8632.72,9504.79,5379.56,1479.42,8050.52,1680.86,1347.2,10711.43,6955.69,9236.18,3478.54,5125.14,3315.28,3749.78,3559.05,4749.23,382.25,3457.93,6243.54,5263.67,4829.46,3379.2,3022.23,1671.75,2535.85,7904.84,8143.14,6170.67,5710.99,7387.05,7914.53,2725.13,5092.89,4024.85,3136.88,6733.82,9986.24,5496.92,6652.46,7498.12,5712.4,6026.49,1588.48,11777.26,13180.05,6835.18,3249.07,13476.64,3247.8,7716.23,7412.01,7174.46,2453.21,10666.49,678.07,3647.66,11338.65,6588.25,5439.89,4038.46,4133.49,8117.96,3022.32,14743.82,6207.87,2439.71,9127.9,7377.81,1861.09,6012.79,5623.35,4044.08,9205.45,5274.33,2947.71,1403.09,7602.2,1894.82,1905.89,6278.15,7437.35,2968.64,6650.35,9916.47,2961.31,7893.37,6949.74,7925.79,7257.05,2412.6,3419.85,3865.81,15092.79,8963.47,4909.45,9076.01,1431.03,2939.07,5218.92,7206.65,11209.07,11385.91,2922.49,5459.6,3442.47,8399.15,8610.26,3753.69,5703.78,8189.04,7802.07,10144.85,4174.29,6417.24,7616.21,1832.78,10203.62,5863.0,1090.12,5831.79,6240.29,5255.17,4979.62,4010.33,2563.81,7875.27,12036.04,4662.63,624.68,5488.62,4075.04,7557.85,8509.59,7079.96,1836.58,781.65,6400.45,1908.41,10381.42,4486.56,4607.23,7179.05,4361.45,4161.88,4135.66,5857.54,8270.79,2079.57,4077.48,3055.84,2645.92,9370.61,4184.02,4512.67,2661.02,4153.54,1445.3,2520.56,9673.98,7720.06,1783.11,2610.68,6956.07,4784.53,5850.45,4341.58
market 17,9193.23,4399.28,4179.37,1027.26,9004.06,10347.09,5183.67,9734.11,7785.69,9392.96,12134.65,2013.33,8787.72,4221.83,6252.74,5493.01,5307.77,0.0,6548.54,15321.79,7106.43,6608.63,2538.12,6122.75,7862.41,4325.54,3906.04,7871.91,4007.47,7372.77,9678.5,12336.01,5306.72,12006.88,11179.24,6614.51,347.38,4790.5,10654.11,6422.92,4758.89,13315.02,12070.21,8220.87,7596.94,10366.61,8633.12,8246.17,8811.74,2734.78,5119.53,1851.79,3358.03,754.74,7812.87,6123.93,3689.61,5126.85,5765.14,10870.83,7342.09,7793.99,4478.92,4806.21,4797.99,4071.94,6718.33,9111.29,2341.0,11192.0,12589.83,10728.13,4743.67,11956.3,9102.0,9737.52,4624.23,9472.31,15783.64,3670.69,5528.78,16866.25,8129.32,10319.82,2300.31,3771.07,6625.48,12297.85,5988.38,6326.21,10845.06,10624.1,6271.02,3451.48,2207.35,11029.6,8211.91,17347.41,10253.9,7670.91,11731.49,9009.16,4480.48,11001.83,3823.52,8922.57,13663.63,6115.88,2595.13,4527.43,10524.68,3994.34,6723.26,4947.07,9068.7,3941.41,2285.66,7217.07,2808.23,11523.68,9553.33,9557.15,5819.4,2937.19,3392.67,5861.74,18012.3,7693.66,9755.07,6190.49,6662.23,3061.07,434.87,3828.3,13812.66,10400.54,2780.43,8342.79,5685.84,10030.51,3212.24,7103.97,10528.78,3256.53,9433.43,13534.46,5560.25,9578.51,9305.09,4428.29,9807.7,5911.24,4802.04,7367.69,8954.12,6144.67,9472.69,1629.32,5389.47,7969.55,14639.63,5116.76,5051.26,6362.69,1521.56,8788.73,7460.62,3963.42,6166.6,6091.96,3177.9,6129.0,12985.01,8086.39,8833.68,2318.02,9242.97,6402.77,8536.15,7684.79,3705.42,6011.53,2391.94,5452.28,4005.03,11974.2,1897.41,1770.74,6359.49,1220.46,6262.67,3031.46,12277.57,9840.83,6198.46,4166.03,10074.3,7626.71,7916.76,9505.59
market 18,5872.9,2950.84,9118.14,6822.73,3647.4,4604.48,1771.86,4979.88,3113.85,5098.97,6392.04,7900.56,2555.08,2971.53,4203.14,3777.25,4096.23,6548.54,0.0,9854.18,3320.3,2768.29,3991.58,2466.66,1650.71,2806.26,2982.86,2193.9,6381.62,2311.1,3409.05,6066.56,1326.11,6124.99,4978.96,7975.1,6232.86,2724.6,4384.66,3112.16,4902.09,7045.58,8847.48,12172.58,2362.83,5399.94,4211.42,2767.97,6148.11,7164.4,3810.66,5183.45,5600.29,6894.56,1601.17,883.11,2923.33,5677.41,1818.38,4601.38,11293.81,2271.82,4043.96,9744.99,9736.76,6400.95,1248.03,4495.19,5320.96,5449.39,6320.38,6537.45,4985.42,6213.7,2843.67,3852.42,5143.37,14411.08,9514.2,8609.46,1097.22,10581.01,3400.47,4050.37,8064.11,8996.7,6546.88,6830.23,4494.7,7741.33,7934.71,4881.49,9349.53,7034.77,4493.34,4760.15,3616.15,11077.96,4511.29,4685.07,5462.04,3541.55,5477.3,5702.41,4521.68,7912.66,7921.02,2358.31,4597.44,3537.84,4255.23,3661.87,5749.24,4350.45,3601.09,2676.1,8281.24,7763.21,5200.51,5545.96,3283.88,4089.54,4848.72,4810.93,3277.08,7810.14,11742.85,11700.14,4396.7,7842.65,3883.95,6152.63,6168.43,6562.46,7543.21,8054.76,4412.13,1793.74,875.64,4562.9,9220.52,1621.92,4960.97,9264.82,3965.81,7301.82,1390.69,3251.5,3717.65,5448.99,6872.47,9593.01,3689.43,2020.69,2794.93,1722.43,3795.74,5898.47,1610.56,4544.12,8370.18,2577.72,4331.22,2120.36,4980.32,3721.6,5572.46,8902.19,2678.83,4395.24,8222.68,2627.28,6715.56,2277.93,3091.07,7700.14,4093.74,361.9,2875.71,1987.17,7808.86,2392.08,4440.96,1155.15,6281.16,5704.75,4706.12,4872.52,1772.67,5741.32,5538.96,5153.42,6008.13,3992.12,2710.69,2697.41,3747.29,1204.47,1888.55,6465.53
market 19,14638.95,12343.74,18440.69,15595.98,7491.01,10836.05,10505.34,6211.07,11746.5,6559.93,11625.12,16761.54,8958.04,12224.88,13570.17,13429.94,13749.48,15321.79,9854.18,0.0,9688.98,11959.19,12869.69,9968.13,9201.25,12199.17,12215.17,8295.62,15634.97,10699.44,7357.99,6778.75,10636.07,10677.58,5449.9,13796.21,15006.11,12319.5,5848.39,12323.52,14500.15,7204.23,17058.73,21396.14,10616.0,12852.09,12683.17,10448.73,15290.57,16387.95,13468.92,14473.46,13837.91,15730.41,9357.38,10563.3,12171.52,15272.31,11413.76,7506.75,20517.36,8217.7,12103.38,19067.53,19059.31,15654.29,8639.94,12500.35,14544.51,11274.85,7721.9,14371.35,12269.58,11904.84,8670.15,9522.08,14741.43,23733.63,4822.29,17932.01,10401.58,10711.13,11509.43,7156.98,16837.36,18319.24,15945.71,3147.32,14051.12,17337.91,7635.04,10095.96,18602.88,16258.32,13266.59,7445.1,12157.1,3150.56,10286.07,13827.53,4691.75,7918.67,15075.36,13066.51,12792.24,16780.16,13672.09,9859.78,13820.99,12930.75,7634.21,12894.18,15150.85,11982.52,8085.08,11809.46,17117.09,12979.38,14424.06,10100.09,7915.5,6037.31,11654.63,14034.49,12246.25,17408.2,9594.3,20923.69,11760.8,16040.37,13028.2,15376.19,14941.68,14800.08,5584.63,9334.31,13635.69,8342.46,10247.96,5546.46,17993.77,10050.74,11829.77,18038.07,7818.25,11653.78,9926.77,7787.81,7116.85,15047.05,8363.08,18816.56,13127.99,8139.13,7914.97,9390.76,10380.44,15186.58,11204.77,8457.14,5088.79,10670.3,13926.12,9340.33,13779.33,7918.96,10197.47,18224.74,12022.83,13951.66,17545.22,12002.51,6342.31,9374.36,9970.5,16240.27,11688.98,9604.55,10161.45,8729.11,16046.48,11789.63,13112.7,10673.83,15534.51,7134.4,13505.13,13645.77,11153.45,14621.75,15098.64,14376.97,6302.2,6463.28,12054.69,11929.72,7931.54,9010.89,8417.45,15296.66
market 20,9168.2,5087.85,10507.01,6815.08,3783.01,7543.35,3134.61,3008.95,6409.14,2667.79,9122.11,8850.85,5546.98,4982.98,7003.93,6339.06,6651.45,7106.43,3320.3,9688.98,0.0,5943.26,4913.43,1349.85,4895.53,4943.28,4949.01,2474.63,8218.71,5560.74,5022.5,7435.83,3597.81,8170.65,6032.48,5685.74,6790.75,5172.03,5770.53,6254.24,7244.26,8414.84,12142.78,13893.55,5592.53,8618.26,7506.71,6012.8,9443.41,8750.22,6270.02,6539.79,4346.42,7819.72,4845.99,4076.69,4435.22,8003.82,4782.88,6214.83,13014.77,2396.71,2604.51,11133.86,11125.63,8238.04,2362.77,7790.48,7041.93,8388.26,7687.12,9832.75,3120.28,9152.57,5362.07,6491.94,7485.92,15799.96,10900.07,9998.34,3477.96,12521.9,6643.63,5419.64,7294.09,10385.57,9029.63,6314.73,7013.12,10057.31,4707.77,7592.95,11186.62,8755.73,5192.11,6373.6,6911.45,12463.83,7448.96,7980.37,6828.89,2262.85,7818.94,8947.23,3378.68,10620.5,11169.08,1440.68,6318.78,5674.86,5868.68,5676.13,8482.31,2523.99,2153.87,4500.16,9206.4,4987.08,6921.47,7593.16,4897.33,3804.79,2505.33,6531.9,4364.32,9962.6,13084.75,13421.11,7641.52,6548.89,7104.09,7873.6,6726.32,5308.59,8885.11,4755.03,6133.1,4401.93,3459.58,4809.45,9466.45,4840.24,8124.71,9431.21,3381.9,9240.5,2775.91,5022.47,4084.03,7790.63,3572.74,11313.97,5872.1,1825.07,4541.49,1847.76,6913.24,7252.9,4383.27,1244.39,9712.08,2439.51,6778.65,1446.74,5814.65,2063.57,2385.82,10291.07,5772.82,7196.02,9611.55,5700.99,8084.83,5441.67,6254.81,6903.08,7312.06,3065.14,6120.54,2817.31,6555.0,5356.58,4883.52,3833.49,8118.25,7074.02,5540.45,5520.56,5067.97,6711.06,8021.71,6874.38,7350.03,4619.78,5826.29,4663.56,5518.26,4092.64,3348.24,9760.83
market 21,3374.09,2356.5,8355.56,7175.76,6059.83,4454.61,3166.02,7748.17,1194.94,7867.26,6332.79,7676.11,3532.7,2594.37,1683.57,1504.36,2036.19,6608.63,2768.29,11959.19,5943.26,0.0,4303.24,4674.48,2900.55,2338.46,2850.74,4962.19,4586.39,1292.83,5284.62,7721.56,2382.47,6573.94,6842.43,9317.35,6585.89,1858.36,6260.22,467.02,3171.38,8700.58,6348.67,11076.19,1514.36,3758.05,2024.56,2052.9,3665.94,6378.96,1838.22,4906.64,6793.22,6670.1,3039.16,2008.15,3238.39,3709.31,1238.58,6068.74,10171.17,5040.11,5353.73,9000.96,9500.28,4605.71,4016.32,2502.74,4590.63,5093.81,7840.03,4545.0,6295.19,5858.12,3925.22,4163.55,3412.66,13617.26,11389.76,8372.98,2498.57,11689.46,1709.44,5705.38,8417.14,8760.21,4170.29,9598.53,2147.93,5562.48,10630.46,4822.24,7554.29,5821.19,4846.37,6281.87,1603.35,12953.52,4452.04,2202.9,7337.6,6309.84,3746.59,4490.63,5714.62,5531.77,7565.44,4566.14,4192.69,2293.16,5766.11,2694.32,3375.42,5920.88,6369.38,3078.77,8056.78,9729.03,4415.07,6090.74,5159.45,6857.83,6884.14,3866.35,3641.27,5874.73,13256.69,10803.48,3371.09,9035.58,1244.91,4708.97,6521.46,7757.78,9418.77,10677.72,4007.38,3669.31,2508.44,7331.19,9573.55,1963.4,4165.42,9617.85,6734.11,8357.67,3404.12,4581.15,5825.92,3718.28,9495.43,7769.0,2177.18,4788.98,4404.2,4264.97,3282.73,5464.08,1817.43,7167.08,10245.75,4289.73,2600.51,4719.47,5229.59,6489.89,7940.29,8665.71,463.64,2048.47,7986.19,535.47,8370.56,2650.46,2812.3,8053.17,2823.09,3119.86,2438.78,4755.46,8983.68,776.44,4790.37,2163.45,4485.92,7359.75,4955.39,5225.56,1055.88,5516.87,3265.24,3968.22,7883.69,5929.77,495.49,2805.35,5171.44,2994.24,4335.4,3966.72
market 22,7385.71,2038.53,5654.31,2921.76,6551.97,7790.13,2731.57,7737.29,5348.2,7396.13,9577.69,4033.24,6230.76,1861.08,4445.22,3539.52,3569.53,2538.12,3991.58,12869.69,4913.43,4303.24,0.0,3804.65,5305.45,1964.79,1545.29,5419.81,3882.19,4815.81,7226.4,9883.91,2749.76,9449.92,8727.14,6061.68,2331.89,2429.75,8202.01,4146.5,3395.43,10862.93,10435.24,9387.13,5039.98,7984.85,6327.73,5689.21,7038.42,3897.51,3188.09,1687.09,2800.43,3002.11,5255.9,3566.97,1132.65,4026.67,3208.18,8418.73,8508.35,5341.9,2835.65,6281.16,6272.93,3901.51,4266.23,6729.54,2338.91,8635.04,10137.73,8771.8,3226.45,9399.34,6545.04,7180.56,3382.12,10947.25,13331.55,5145.64,2971.82,14309.29,5665.31,7867.72,4163.15,5532.87,5553.14,9845.75,4244.64,5830.07,9436.11,8067.14,6850.1,4243.88,592.38,8577.5,5850.5,14895.31,7696.94,5826.75,9279.39,6557.06,3539.18,8503.82,2180.24,7287.6,11106.67,3696.3,1543.6,2219.47,8072.58,1686.38,5088.29,3303.79,6616.61,1384.45,4388.79,6473.36,2409.62,8966.72,7101.23,7105.06,4370.92,2020.05,862.63,5626.08,15560.2,8914.68,7198.11,5632.9,4788.34,3387.21,2267.46,3763.54,11360.56,8952.05,1453.02,5744.82,3128.88,7578.41,5319.56,4547.01,7971.81,5363.85,6981.33,10977.5,3108.15,7093.61,6852.99,3501.54,8301.08,6802.13,2494.08,4915.59,6502.02,3692.57,6915.73,2400.2,2832.51,5972.73,12187.53,2805.57,3396.22,3910.59,1016.7,6737.11,6012.14,5438.37,3840.08,4348.23,4758.85,3768.24,10532.91,5529.43,6276.72,3799.17,6778.95,3906.15,5979.19,5232.69,4729.68,3650.78,536.37,2895.32,3766.59,9522.1,742.51,971.56,3802.53,1893.45,4627.7,2402.07,9825.48,7388.73,3893.07,1609.07,7589.4,5069.75,5464.66,7814.73
